,ID,class0,class1,class2
0,10000124,0.0461483451537,0.554514685972,0.399336968874
1,10000133,0.184963896689,0.638141824605,0.176894278706
2,10000149,0.0988511970331,0.628421837466,0.272726965501
3,10000156,0.176161071216,0.589509400641,0.234329528143
4,10000161,0.129199015769,0.57725701685,0.293543967381
5,10000162,0.0760569422593,0.679463013855,0.244480043885
6,10000165,0.188438945772,0.582399963073,0.229161091155
7,10000181,0.0781935025117,0.540976892107,0.380829605381
8,10000187,0.188983970444,0.58291916932,0.228096860236
9,10000190,0.135434002618,0.615962021967,0.248603975415
10,10000195,0.109586865924,0.569417609784,0.320995524292
11,10000196,0.09283521628,0.697869579259,0.209295204461
12,10000201,0.0546493833471,0.542725341439,0.402625275214
13,10000203,0.0382495163649,0.546884588314,0.414865895321
14,10000205,0.0671180743683,0.708098789768,0.224783135864
15,10000206,0.246521400761,0.539505635862,0.213972963377
16,10000209,0.0485595242004,0.538227450956,0.413213024843
17,10000210,0.0694608816363,0.467001569855,0.463537548508
18,10000212,0.162469696809,0.505667183004,0.331863120188
19,10000214,0.82935398941,0.108819697289,0.061826313301
20,10000219,0.0599051328934,0.5796915289,0.360403338207
21,10000224,0.243975791131,0.56181240763,0.194211801239
22,10000229,0.0811946391754,0.494082753184,0.42472260764
23,10000230,0.137305311099,0.631604367545,0.231090321356
24,10000233,0.173914874257,0.599830466443,0.2262546593
25,10000240,0.129266399322,0.603349239438,0.26738436124
26,10000254,0.0577179840029,0.563769440144,0.378512575853
27,10000262,0.027474933949,0.46879431414,0.503730751911
28,10000265,0.484504562751,0.29665051463,0.218844922619
29,10000271,0.0385332924642,0.565253352384,0.396213355152
30,10000276,0.0544906718316,0.528385695996,0.417123632172
31,10000277,0.0318058435903,0.5297844375,0.43840971891
32,10000294,0.0455406766401,0.608674321229,0.345785002131
33,10000296,0.746220371321,0.121946522266,0.131833106413
34,10000311,0.0488462426281,0.543367791373,0.407785965999
35,10000317,0.0723422171853,0.569898054678,0.357759728137
36,10000319,0.0597319102536,0.49974808215,0.440520007597
37,10000320,0.0846295881158,0.502629061333,0.412741350551
38,10000321,0.0805367564629,0.525158329806,0.394304913731
39,10000325,0.0628913690897,0.6886693374,0.24843929351
40,10000329,0.122859960757,0.632826611492,0.244313427751
41,10000339,0.0512292098516,0.573681180791,0.375089609358
42,10000340,0.0843160703359,0.489268383009,0.426415546655
43,10000345,0.0472137514691,0.559663300921,0.39312294761
44,10000373,0.183780789081,0.570619483114,0.245599727805
45,10000375,0.777509330188,0.116941029004,0.105549640808
46,10000387,0.122164568758,0.587407743387,0.290427687856
47,10000396,0.0873062267627,0.657685938381,0.255007834857
48,10000400,0.0599147776325,0.692352189222,0.247733033146
49,10000407,0.150239348964,0.638411443216,0.21134920782
50,10000413,0.0989178234255,0.66275971443,0.238322462145
51,10000416,0.745505835089,0.180184922054,0.0743092428561
52,10000417,0.093470610189,0.527439711381,0.37908967843
53,10000420,0.0437232244098,0.556341466473,0.399935309117
54,10000424,0.0703967971626,0.557558523773,0.372044679065
55,10000426,0.106911059098,0.548346140521,0.34474280038
56,10000431,0.0680545336014,0.563439967008,0.368505499391
57,10000438,0.086502872784,0.592811082606,0.32068604461
58,10000443,0.0581130067584,0.53550900591,0.406377987331
59,10000445,0.070929460149,0.556556228528,0.372514311323
60,10000447,0.789165361663,0.160654801139,0.0501798371981
61,10000449,0.688694904348,0.187089621854,0.124215473798
62,10000464,0.199263087549,0.564153704586,0.236583207865
63,10000468,0.147883989783,0.613015854663,0.239100155554
64,10000469,0.0677922786836,0.728117223475,0.204090497841
65,10000483,0.0761089018766,0.543252074026,0.380639024097
66,10000488,0.068111292183,0.639769577997,0.29211912982
67,10000497,0.0574084663497,0.550305149691,0.392286383959
68,10000499,0.655061558146,0.136951653338,0.207986788516
69,10000501,0.0731352690644,0.564342121906,0.36252260903
70,10000507,0.0880786032856,0.521666476411,0.390254920304
71,10000510,0.47735566867,0.30973778308,0.21290654825
72,10000511,0.0557650547,0.550208110471,0.394026834829
73,10000512,0.481050967739,0.277815404233,0.241133628028
74,10000515,0.125039540422,0.619134937618,0.25582552196
75,10000519,0.102444968107,0.553269943872,0.344285088021
76,10000521,0.109333955234,0.509748432753,0.380917612013
77,10000532,0.0404195221791,0.547956084896,0.411624392925
78,10000536,0.123820940273,0.578824276857,0.29735478287
79,10000541,0.157011122852,0.591661328522,0.251327548626
80,10000546,0.700562006368,0.209699880318,0.0897381133146
81,10000549,0.756122495719,0.147238493042,0.0966390112395
82,10000556,0.761046723618,0.184846039896,0.0541072364855
83,10000560,0.822400117761,0.129141003422,0.0484588788175
84,10000561,0.0855898881293,0.543082448398,0.371327663473
85,10000565,0.795969920679,0.147706869988,0.0563232093326
86,10000575,0.0602844897599,0.59215511951,0.347560390731
87,10000589,0.090034348235,0.56210200413,0.347863647635
88,10000591,0.121805387783,0.520566846937,0.35762776528
89,10000599,0.677546593385,0.251012510653,0.0714408959616
90,10000604,0.106714664129,0.549527124428,0.343758211442
91,10000606,0.0775272346487,0.636958390305,0.285514375046
92,10000628,0.0498214726341,0.599860882772,0.350317644594
93,10000642,0.101764677963,0.599979455636,0.298255866401
94,10000646,0.0457179800303,0.553444783029,0.40083723694
95,10000675,0.578474521807,0.266106164767,0.155419313426
96,10000678,0.0670008846288,0.720710629206,0.212288486166
97,10000679,0.763230605868,0.158737887614,0.0780315065183
98,10000683,0.139778835698,0.631653872555,0.228567291747
99,10000692,0.653513546499,0.234560534055,0.111925919446
100,10000696,0.0554419603146,0.562735625523,0.381822414163
101,10000705,0.0548173356682,0.679989840741,0.265192823591
102,10000726,0.236903407206,0.554313492847,0.208783099947
103,10000734,0.217725486069,0.606439023354,0.175835490577
104,10000735,0.0929740500011,0.490360796321,0.416665153678
105,10000743,0.1313227493,0.618772668927,0.249904581772
106,10000746,0.171236426522,0.584254226274,0.244509347204
107,10000748,0.737098436336,0.190407921791,0.0724936418727
108,10000750,0.0904828191914,0.564782775875,0.344734404934
109,10000755,0.149911427095,0.587802035037,0.262286537869
110,10000756,0.0673740911551,0.575126650768,0.357499258077
111,10000758,0.166272876735,0.642837254067,0.190889869197
112,10000760,0.0750275844432,0.57963626294,0.345336152616
113,10000791,0.0667037913847,0.686989414545,0.246306794071
114,10000799,0.161395944201,0.629596687207,0.209007368592
115,10000801,0.32425736656,0.500346534321,0.175396099119
116,10000804,0.0796228402341,0.490563003396,0.42981415637
117,10000814,0.0419348246201,0.538199121607,0.419866053773
118,10000824,0.104130468321,0.531396432389,0.36447309929
119,10000830,0.109243328434,0.518135326252,0.372621345314
120,10000832,0.494209500304,0.285431627748,0.220358871948
121,10000833,0.12433479951,0.657587470461,0.21807773003
122,10000864,0.0827166240628,0.579462572607,0.33782080333
123,10000867,0.0926286538365,0.520619622944,0.38675172322
124,10000885,0.104177385814,0.532283986655,0.363538627531
125,10000887,0.0465658484589,0.551685171288,0.401748980253
126,10000888,0.0715088547471,0.562203543394,0.366287601858
127,10000897,0.072570427757,0.585452317805,0.341977254438
128,10000898,0.106890138064,0.552561704301,0.340548157635
129,10000905,0.0917238838851,0.498221360671,0.410054755444
130,10000907,0.0484609347052,0.520054342259,0.431484723035
131,10000916,0.0370689249256,0.560248534036,0.402682541038
132,10000917,0.0560845181736,0.673104875834,0.270810605993
133,10000925,0.726713300369,0.16042058709,0.112866112541
134,10000930,0.0830993898928,0.59090135462,0.325999255487
135,10000939,0.0567460993491,0.531118464647,0.412135436004
136,10000940,0.118375548632,0.626762309546,0.254862141822
137,10000942,0.07371637521,0.52510530468,0.40117832011
138,10000947,0.125873684606,0.557606736857,0.316519578536
139,10000951,0.0781250224069,0.541570256034,0.380304721559
140,10000955,0.0885233621644,0.497236010216,0.41424062762
141,10000959,0.168043844893,0.611546792648,0.220409362459
142,10000962,0.199776857135,0.587941086778,0.212282056086
143,10000965,0.0891863404729,0.516695416917,0.39411824261
144,10000967,0.0672838436706,0.740194816536,0.192521339794
145,10000971,0.243103108944,0.537332908637,0.219563982419
146,10000975,0.153552423516,0.55356995435,0.292877622134
147,10000993,0.0525886649212,0.569050725795,0.378360609284
148,10000995,0.0976912686169,0.549194298668,0.353114432715
149,10000998,0.0571077906654,0.682673300407,0.260218908928
150,10001000,0.123785034771,0.626251730012,0.249963235217
151,10001002,0.0605651545476,0.696815716867,0.242619128586
152,10001003,0.280065550612,0.549572947093,0.170361502295
153,10001006,0.0703644154101,0.538129767629,0.391505816961
154,10001012,0.648172177022,0.24523477636,0.106593046618
155,10001019,0.144307262668,0.64890288672,0.206789850612
156,10001026,0.246426093444,0.575664577956,0.1779093286
157,10001028,0.148404179411,0.622234971837,0.229360848751
158,10001029,0.683226258347,0.228143133421,0.0886306082313
159,10001040,0.197566277867,0.585548487588,0.216885234544
160,10001049,0.0469528591693,0.615283622987,0.337763517843
161,10001052,0.111822919543,0.533344316765,0.354832763692
162,10001055,0.0954605533822,0.578807655443,0.325731791174
163,10001056,0.178862263928,0.593552713857,0.227585022215
164,10001060,0.0785055139292,0.578709541734,0.342784944337
165,10001061,0.0319527973739,0.535722020191,0.432325182435
166,10001062,0.0702506956886,0.522200012629,0.407549291682
167,10001063,0.148812546473,0.534755649725,0.316431803801
168,10001066,0.802022551256,0.138721153385,0.0592562953593
169,10001068,0.142774248677,0.63595217295,0.221273578373
170,10001069,0.0715921464161,0.72743781151,0.200970042074
171,10001076,0.166427374351,0.654731350353,0.178841275297
172,10001078,0.0799855266563,0.696548327665,0.223466145679
173,10001081,0.129635542132,0.650608132358,0.219756325509
174,10001082,0.108944841771,0.602997498742,0.288057659487
175,10001088,0.731852736208,0.194081968193,0.0740652955991
176,10001090,0.0672393590129,0.664721787905,0.268038853082
177,10001092,0.210161316441,0.593183311933,0.196655371627
178,10001097,0.162856444184,0.622918896176,0.21422465964
179,10001105,0.13845222939,0.628724750117,0.232823020493
180,10001106,0.0371391844866,0.56012204964,0.402738765873
181,10001108,0.102713056732,0.491028585217,0.406258358051
182,10001109,0.727961742226,0.199267640781,0.0727706169934
183,10001114,0.232338661431,0.572836447764,0.194824890805
184,10001115,0.11133559891,0.490110761832,0.398553639258
185,10001124,0.0663731610098,0.553595263539,0.380031575451
186,10001128,0.0537596619345,0.499299248604,0.446941089461
187,10001130,0.101209352624,0.52006532186,0.378725325516
188,10001133,0.60914364934,0.248761835414,0.142094515246
189,10001135,0.113929314468,0.599316933673,0.286753751859
190,10001136,0.126071800579,0.644397625061,0.22953057436
191,10001149,0.758182065485,0.172176160768,0.0696417737463
192,10001152,0.0801075457278,0.50240684334,0.417485610932
193,10001164,0.0865495493088,0.510512496228,0.402937954463
194,10001173,0.0485228533612,0.584350374578,0.367126772061
195,10001182,0.152090164694,0.607138522936,0.24077131237
196,10001189,0.123393500745,0.647892425783,0.228714073472
197,10001190,0.644688258108,0.254419239603,0.100892502289
198,10001200,0.0877024396287,0.675001333496,0.237296226875
199,10001201,0.175686234734,0.595862653181,0.228451112086
200,10001203,0.762393532243,0.161609056768,0.0759974109883
201,10001218,0.163427151753,0.562788919175,0.273783929072
202,10001219,0.0755527190941,0.643658944933,0.280788335973
203,10001221,0.20162392916,0.592395743763,0.205980327077
204,10001224,0.104572485602,0.602181690911,0.293245823487
205,10001234,0.710905818334,0.136681022633,0.152413159033
206,10001239,0.0543257248017,0.646475164124,0.299199111074
207,10001241,0.0974817586219,0.521495925548,0.38102231583
208,10001247,0.779547672291,0.155383720001,0.065068607708
209,10001252,0.147926166471,0.587960791141,0.264113042388
210,10001253,0.090681996626,0.502322324718,0.406995678656
211,10001254,0.138133206892,0.597352333522,0.264514459585
212,10001258,0.158374533352,0.599931129964,0.241694336684
213,10001260,0.0898342305235,0.637594242363,0.272571527114
214,10001261,0.150454288366,0.59892693275,0.250618778885
215,10001262,0.153866950932,0.612846826327,0.233286222741
216,10001263,0.818745700987,0.110881029792,0.0703732692211
217,10001274,0.115715419082,0.705716526478,0.17856805444
218,10001275,0.278557589947,0.568626060309,0.152816349744
219,10001276,0.0699106245824,0.618238174499,0.311851200919
220,10001287,0.107989420423,0.463207522466,0.428803057111
221,10001288,0.812446926844,0.11396246082,0.0735906123352
222,10001310,0.0633642859126,0.540551840927,0.396083873161
223,10001318,0.0476284814933,0.548056834824,0.404314683682
224,10001325,0.0818432032867,0.583644636435,0.334512160278
225,10001327,0.090416301211,0.597145833336,0.312437865453
226,10001329,0.0806175173186,0.617919377112,0.301463105569
227,10001332,0.0678209929283,0.738262297675,0.193916709397
228,10001358,0.0728102413112,0.592487267518,0.33470249117
229,10001361,0.0510915857842,0.660467432667,0.288440981549
230,10001369,0.0812336667385,0.541077027162,0.3776893061
231,10001373,0.140637588317,0.653708156721,0.205654254962
232,10001384,0.176347587747,0.575510597305,0.248141814948
233,10001396,0.0954724123894,0.487356658043,0.417170929567
234,10001412,0.175849416181,0.632056415997,0.192094167822
235,10001413,0.069780661413,0.537610304257,0.39260903433
236,10001416,0.100550225199,0.522217043644,0.377232731157
237,10001417,0.09385222891,0.553656935857,0.352490835233
238,10001418,0.724890239352,0.133201862954,0.141907897694
239,10001422,0.117100358407,0.591258976402,0.291640665191
240,10001424,0.332180293646,0.525575388093,0.142244318261
241,10001428,0.305106403222,0.537476602744,0.157416994034
242,10001433,0.0589761249292,0.546851950986,0.394171924085
243,10001446,0.150215886457,0.546208700888,0.303575412656
244,10001453,0.111373382263,0.658056038824,0.230570578913
245,10001458,0.701238939757,0.217588875936,0.0811721843067
246,10001459,0.0655554366103,0.712265694659,0.222178868731
247,10001460,0.100532763429,0.694421126841,0.20504610973
248,10001473,0.0367820908602,0.578962076174,0.384255832966
249,10001479,0.128908272661,0.58517781176,0.28591391558
250,10001482,0.0424498148381,0.583861669122,0.37368851604
251,10001484,0.164528296158,0.642653920283,0.192817783559
252,10001485,0.18355532167,0.590071635413,0.226373042917
253,10001487,0.0829861128877,0.672224355854,0.244789531259
254,10001494,0.139767251782,0.611542492878,0.24869025534
255,10001498,0.148998492488,0.62013154572,0.230869961793
256,10001504,0.0535119753696,0.573515157705,0.372972866925
257,10001508,0.0431736745362,0.542929922117,0.413896403347
258,10001512,0.0417850948728,0.573325380773,0.384889524354
259,10001515,0.149884623693,0.645571610072,0.204543766235
260,10001516,0.0575850562621,0.664503382261,0.277911561477
261,10001520,0.20323290222,0.606527005564,0.190240092215
262,10001522,0.0869054310937,0.721933113331,0.191161455575
263,10001538,0.0574469281942,0.510278511178,0.432274560627
264,10001543,0.0614402526282,0.688237456423,0.250322290949
265,10001545,0.029392463388,0.569734883276,0.400872653336
266,10001549,0.0648303332171,0.479458060062,0.455711606721
267,10001550,0.0504871369666,0.515485281794,0.43402758124
268,10001554,0.154092031479,0.638698585416,0.207209383105
269,10001558,0.0559028294642,0.595698497688,0.348398672847
270,10001560,0.0328942288316,0.501088088512,0.466017682657
271,10001592,0.0391328290032,0.548509096392,0.412358074605
272,10001604,0.17409211592,0.591626122284,0.234281761796
273,10001616,0.862108998798,0.100689850217,0.0372011509849
274,10001621,0.0416255699577,0.574027679537,0.384346750505
275,10001622,0.269798367469,0.541342213225,0.188859419305
276,10001625,0.135889683403,0.637495610373,0.226614706224
277,10001634,0.0666561284171,0.57843418692,0.354909684662
278,10001647,0.125797963262,0.66571707857,0.208484958169
279,10001655,0.122587216501,0.50300487059,0.374407912909
280,10001658,0.075959921814,0.677741734112,0.246298344074
281,10001660,0.108512068413,0.570280672223,0.321207259364
282,10001662,0.109330256182,0.474484836601,0.416184907217
283,10001663,0.723422889905,0.183763292962,0.0928138171331
284,10001668,0.0732779617987,0.643653365563,0.283068672638
285,10001684,0.206766485632,0.534781861125,0.258451653243
286,10001688,0.121354355774,0.579927390615,0.298718253611
287,10001692,0.267451616178,0.522159974454,0.210388409368
288,10001693,0.228286462029,0.576992472575,0.194721065396
289,10001701,0.0916132088878,0.609002797446,0.299383993666
290,10001704,0.0570332790062,0.702878437163,0.240088283831
291,10001706,0.138616795224,0.639982628581,0.221400576195
292,10001707,0.512303607799,0.262225238263,0.225471153937
293,10001708,0.0719824737477,0.595519816496,0.332497709756
294,10001712,0.134542025,0.596925745666,0.268532229333
295,10001713,0.0351091332591,0.5052220817,0.459668785041
296,10001715,0.11733243623,0.633454644287,0.249212919483
297,10001726,0.0904374658435,0.602380052201,0.307182481955
298,10001727,0.0357224638348,0.565734878326,0.39854265784
299,10001730,0.0407744472826,0.56557957936,0.393645973357
300,10001734,0.0609877756958,0.548871114546,0.390141109759
301,10001738,0.163298764989,0.635273494842,0.201427740169
302,10001750,0.110159365764,0.678025288067,0.211815346169
303,10001753,0.144901107917,0.554308972124,0.300789919959
304,10001755,0.0897271573827,0.504282101117,0.4059907415
305,10001756,0.0774049933985,0.602494598025,0.320100408577
306,10001768,0.0350189959959,0.526344399396,0.438636604608
307,10001773,0.0566775767527,0.56740078821,0.375921635038
308,10001777,0.759862661757,0.114415337403,0.12572200084
309,10001779,0.0961701387854,0.637171884643,0.266657976572
310,10001780,0.0607766962087,0.524596977154,0.414626326637
311,10001783,0.059399515171,0.617216086266,0.323384398563
312,10001787,0.0881992469083,0.579280959356,0.332519793735
313,10001797,0.0573558385428,0.443036896041,0.499607265416
314,10001802,0.0563171053723,0.50494562236,0.438737272268
315,10001809,0.0328876744257,0.545983926574,0.421128399
316,10001815,0.0590256531298,0.622336504052,0.318637842818
317,10001817,0.0506885436339,0.584889702861,0.364421753505
318,10001831,0.0593363615989,0.708902063813,0.231761574588
319,10001835,0.671945097949,0.205347366259,0.122707535791
320,10001840,0.0872202867318,0.495092334576,0.417687378692
321,10001841,0.0468548416464,0.553671640718,0.399473517635
322,10001844,0.702172967812,0.226130115642,0.0716969165458
323,10001847,0.113374506362,0.563267211893,0.323358281745
324,10001857,0.137442656971,0.614944223078,0.247613119951
325,10001880,0.0710697236734,0.55937115044,0.369559125887
326,10001898,0.0975362963166,0.56113912136,0.341324582323
327,10001899,0.0977479388092,0.554153730363,0.348098330827
328,10001905,0.0956284739652,0.496271148057,0.408100377977
329,10001914,0.0542840262976,0.679474033097,0.266241940606
330,10001920,0.0509060697831,0.503424391413,0.445669538804
331,10001922,0.167874614008,0.54344647358,0.288678912413
332,10001927,0.119157279038,0.642063414603,0.23877930636
333,10001934,0.125175258495,0.694760971269,0.180063770236
334,10001937,0.754960797559,0.174715854422,0.0703233480188
335,10001938,0.04796080609,0.550730790549,0.401308403361
336,10001947,0.0556477215602,0.635387579885,0.308964698555
337,10001961,0.0839053381107,0.494108240796,0.421986421093
338,10001967,0.0698790788685,0.516523644259,0.413597276872
339,10001971,0.161550283793,0.58878556113,0.249664155078
340,10001978,0.259588309436,0.565759789789,0.174651900775
341,10001980,0.0704973502723,0.719965129219,0.209537520508
342,10001984,0.0797245325794,0.641345321063,0.278930146358
343,10001989,0.256991777242,0.563575922967,0.179432299791
344,10001998,0.042533840117,0.556546496016,0.400919663867
345,10002002,0.0989409694145,0.696719405632,0.204339624954
346,10002011,0.0797603954136,0.482871946126,0.43736765846
347,10002012,0.149109458453,0.621398399904,0.229492141643
348,10002013,0.106921493851,0.659657096962,0.233421409187
349,10002017,0.0339924947056,0.528252533338,0.437754971956
350,10002018,0.0786026797257,0.7209528498,0.200444470474
351,10002020,0.13332617722,0.504033121554,0.362640701226
352,10002021,0.0937981634313,0.497585143929,0.40861669264
353,10002034,0.141936446129,0.606699723335,0.251363830536
354,10002043,0.0597096123928,0.485880358228,0.454410029379
355,10002050,0.0305563866929,0.526436040714,0.443007572593
356,10002059,0.192617257755,0.606377947739,0.201004794506
357,10002064,0.133612545445,0.609756930165,0.25663052439
358,10002067,0.0418307327201,0.562136813246,0.396032454033
359,10002069,0.112345947484,0.562202206033,0.325451846483
360,10002070,0.147862718011,0.555794601046,0.296342680944
361,10002073,0.106886206385,0.591722823448,0.301390970167
362,10002076,0.0840775544641,0.47374090238,0.442181543156
363,10002080,0.132548815023,0.542051204338,0.325399980638
364,10002083,0.123388147422,0.639893434905,0.236718417674
365,10002093,0.164642093001,0.637826021962,0.197531885038
366,10002099,0.776620721058,0.167474443038,0.0559048359049
367,10002104,0.19958715001,0.583580882868,0.216831967122
368,10002105,0.0856542068744,0.690965222718,0.223380570408
369,10002118,0.223075184357,0.573821076315,0.203103739328
370,10002126,0.12086047082,0.651353022216,0.227786506964
371,10002134,0.105105412419,0.590027077207,0.304867510374
372,10002136,0.750803456631,0.184257480255,0.0649390631147
373,10002143,0.131486334974,0.647421490365,0.221092174661
374,10002144,0.104604758034,0.684420307668,0.210974934299
375,10002146,0.0904487392041,0.676698630302,0.232852630494
376,10002150,0.80528287107,0.122079682617,0.0726374463129
377,10002152,0.103272070227,0.61200499697,0.284722932802
378,10002154,0.196133093731,0.58687970349,0.216987202779
379,10002159,0.0685685456965,0.511519336316,0.419912117987
380,10002168,0.175959296494,0.626142444481,0.197898259025
381,10002169,0.0615636590286,0.741605650713,0.196830690259
382,10002171,0.131771983081,0.563475084515,0.304752932404
383,10002173,0.0839978243373,0.533019349618,0.382982826045
384,10002181,0.132974048827,0.659577322581,0.207448628592
385,10002182,0.0458877708526,0.569572149391,0.384540079756
386,10002203,0.0632413417013,0.590735776275,0.346022882023
387,10002205,0.159931066425,0.614405039843,0.225663893732
388,10002209,0.184220686842,0.602511549546,0.213267763613
389,10002211,0.228063043991,0.602701674432,0.169235281578
390,10002221,0.0421906231595,0.561231673197,0.396577703643
391,10002229,0.105637498249,0.677483557617,0.216878944133
392,10002232,0.795823569276,0.133601494272,0.0705749364519
393,10002233,0.146749511319,0.640779376784,0.212471111897
394,10002236,0.194431845314,0.60061840497,0.204949749716
395,10002237,0.0404861821452,0.603595300743,0.355918517111
396,10002239,0.0501388463365,0.604792683213,0.345068470451
397,10002240,0.141041147011,0.556367073597,0.302591779392
398,10002245,0.176627796356,0.625645169413,0.197727034231
399,10002249,0.0687701245774,0.568934340019,0.362295535404
400,10002255,0.780841528436,0.14325658435,0.0759018872142
401,10002256,0.137006333319,0.617349648004,0.245644018677
402,10002260,0.041613850967,0.608769738591,0.349616410442
403,10002261,0.0620168057,0.546818052521,0.391165141779
404,10002263,0.201711857256,0.588163000694,0.210125142051
405,10002264,0.16694694572,0.623944450348,0.209108603932
406,10002266,0.0556878481736,0.734428084611,0.209884067215
407,10002272,0.0946978396996,0.605551879561,0.29975028074
408,10002285,0.0595085646115,0.681066190379,0.259425245009
409,10002294,0.103352372697,0.541561210169,0.355086417135
410,10002295,0.0995909109706,0.535917849791,0.364491239238
411,10002296,0.0932578800894,0.472402954192,0.434339165719
412,10002297,0.0372054316404,0.548814128755,0.413980439605
413,10002304,0.759763539583,0.180854088981,0.0593823714361
414,10002306,0.170125351305,0.609357382419,0.220517266276
415,10002310,0.159249816068,0.633093824437,0.207656359495
416,10002325,0.130789997098,0.605615815858,0.263594187043
417,10002332,0.0543656876391,0.71015488275,0.235479429611
418,10002334,0.151854540218,0.520902979379,0.327242480403
419,10002335,0.0619032404511,0.534064238193,0.404032521356
420,10002344,0.12041153907,0.643120177312,0.236468283618
421,10002345,0.134078342869,0.596029076684,0.269892580447
422,10002346,0.0901772584743,0.672140213308,0.237682528218
423,10002354,0.789798684351,0.149819545924,0.0603817697252
424,10002357,0.0947145162819,0.697927582499,0.207357901219
425,10002358,0.158115583603,0.538468143538,0.303416272859
426,10002369,0.0950487814024,0.518957687292,0.385993531306
427,10002370,0.0414614840304,0.527951530765,0.430586985204
428,10002376,0.0398614286989,0.566166646883,0.393971924419
429,10002378,0.12693848248,0.624367910257,0.248693607263
430,10002381,0.0838242074409,0.734927157035,0.181248635524
431,10002382,0.0324363294579,0.481802804003,0.485760866539
432,10002383,0.0641858369961,0.508069818666,0.427744344337
433,10002384,0.0583123334404,0.716692174259,0.2249954923
434,10002392,0.135891738184,0.681370769277,0.182737492539
435,10002394,0.110593824572,0.665146741841,0.224259433586
436,10002395,0.112614678704,0.579350925825,0.308034395472
437,10002396,0.0489025294478,0.565046431606,0.386051038946
438,10002401,0.717257998715,0.214223256351,0.0685187449339
439,10002402,0.0412625050585,0.566288165846,0.392449329095
440,10002411,0.164567350645,0.587676339608,0.247756309748
441,10002412,0.155839720506,0.637762139427,0.206398140067
442,10002418,0.0780621631661,0.5589319803,0.363005856534
443,10002419,0.077279509638,0.606003080529,0.316717409833
444,10002420,0.0529590581282,0.627078588665,0.319962353207
445,10002423,0.0414917930109,0.618623586317,0.339884620672
446,10002427,0.741438268221,0.19391794643,0.0646437853485
447,10002430,0.72472604762,0.139830306799,0.135443645581
448,10002441,0.0852082987928,0.594584050357,0.320207650851
449,10002451,0.0977485538678,0.705943363005,0.196308083127
450,10002456,0.0360242582684,0.555604344628,0.408371397104
451,10002457,0.539449113208,0.278889502298,0.181661384493
452,10002460,0.0774183339362,0.575485238167,0.347096427897
453,10002461,0.120093478954,0.550986358644,0.328920162402
454,10002465,0.0904310003028,0.525925575652,0.383643424045
455,10002466,0.695160060929,0.137809993534,0.167029945537
456,10002468,0.0484165663962,0.612680049709,0.338903383895
457,10002469,0.0600785501644,0.581721261514,0.358200188322
458,10002470,0.16165729548,0.604201481655,0.234141222864
459,10002472,0.0659689968757,0.704755528506,0.229275474618
460,10002474,0.0509168742555,0.537557961986,0.411525163758
461,10002476,0.136073710219,0.657884596486,0.206041693296
462,10002477,0.81377243732,0.11488235874,0.0713452039399
463,10002480,0.0378786191254,0.53640598639,0.425715394485
464,10002488,0.852468216063,0.101983903875,0.0455478800621
465,10002492,0.0644332131987,0.735599740066,0.199967046736
466,10002493,0.654506669306,0.236490402788,0.109002927906
467,10002497,0.113798603869,0.650701924585,0.235499471546
468,10002508,0.0449268242805,0.573870585029,0.38120259069
469,10002509,0.080294800658,0.578377509914,0.341327689428
470,10002522,0.0405212176179,0.554072049366,0.405406733016
471,10002524,0.0590900932976,0.52007515931,0.420834747393
472,10002526,0.0592413833731,0.657289008752,0.283469607875
473,10002531,0.0612026389415,0.742016912635,0.196780448424
474,10002533,0.231080518829,0.599055429433,0.169864051737
475,10002535,0.0410370020149,0.572413102553,0.386549895432
476,10002538,0.594733683314,0.217174188469,0.188092128217
477,10002543,0.0348301502135,0.522786933162,0.442382916624
478,10002545,0.0392937272594,0.601582208832,0.359124063909
479,10002551,0.259333341516,0.55464641109,0.186020247394
480,10002555,0.164714464015,0.63275751476,0.202528021226
481,10002564,0.0496388631832,0.678053248884,0.272307887932
482,10002570,0.0473705788342,0.527732230713,0.424897190452
483,10002571,0.539341864981,0.255092123138,0.205566011881
484,10002575,0.0832685300218,0.741597782334,0.175133687644
485,10002579,0.0752763255989,0.503435772125,0.421287902276
486,10002585,0.0939160455776,0.508300538202,0.397783416221
487,10002594,0.0785984953275,0.524708837751,0.396692666922
488,10002626,0.0371458981573,0.581639577497,0.381214524345
489,10002630,0.0585494666013,0.637196514058,0.30425401934
490,10002633,0.0632324684467,0.544063478262,0.392704053292
491,10002646,0.213486437546,0.585793309465,0.200720252989
492,10002648,0.0569029806352,0.493953853352,0.449143166013
493,10002650,0.594209770713,0.245288931469,0.160501297818
494,10002654,0.264050070156,0.567362506841,0.168587423003
495,10002670,0.122568793845,0.667184865056,0.2102463411
496,10002679,0.0681938558494,0.578057618897,0.353748525253
497,10002687,0.16151781909,0.547435224665,0.291046956245
498,10002688,0.802684564616,0.101829854371,0.0954855810126
499,10002704,0.102050383183,0.583555502251,0.314394114566
500,10002711,0.0844752402051,0.571160761562,0.344363998233
501,10002712,0.240257992366,0.577830814938,0.181911192696
502,10002720,0.728184175377,0.155557918722,0.116257905901
503,10002733,0.261896907496,0.550661743377,0.187441349127
504,10002734,0.0681513700901,0.563677783541,0.368170846369
505,10002737,0.598074400443,0.270633130433,0.131292469124
506,10002740,0.827989734158,0.113581350041,0.0584289158012
507,10002749,0.0723126561798,0.62427948335,0.303407860471
508,10002751,0.07337685473,0.564824319706,0.361798825564
509,10002766,0.104474197074,0.659477453849,0.236048349077
510,10002769,0.0614506474228,0.715740187626,0.222809164951
511,10002772,0.05112827825,0.507627544522,0.441244177228
512,10002787,0.13463085476,0.583682886114,0.281686259126
513,10002789,0.0791834999901,0.501054531847,0.419761968163
514,10002797,0.0839499439669,0.544477479019,0.371572577014
515,10002803,0.162482665155,0.632860028725,0.20465730612
516,10002806,0.0621962351977,0.524968416937,0.412835347865
517,10002808,0.0464509834468,0.573452108131,0.380096908423
518,10002813,0.135547894224,0.69001253336,0.174439572416
519,10002816,0.0444200492083,0.596330959407,0.359248991384
520,10002817,0.0634731478988,0.511913196037,0.424613656064
521,10002818,0.10304442747,0.695911074846,0.201044497684
522,10002820,0.11208886113,0.538069069762,0.349842069108
523,10002828,0.105834258305,0.508354760306,0.385810981389
524,10002831,0.156885735699,0.572323937526,0.270790326775
525,10002833,0.0998751258985,0.511772718268,0.388352155833
526,10002834,0.108077423328,0.617349379217,0.274573197455
527,10002836,0.564396281005,0.23937430223,0.196229416765
528,10002839,0.118402975397,0.543645970855,0.337951053747
529,10002848,0.0656860998707,0.54472341508,0.389590485049
530,10002855,0.0445931460634,0.583954865333,0.371451988604
531,10002864,0.0997926990953,0.539283271771,0.360924029133
532,10002868,0.083305006931,0.639388589853,0.277306403216
533,10002874,0.754811793361,0.181040701182,0.0641475054579
534,10002875,0.0786464784446,0.734926646927,0.186426874628
535,10002882,0.0700479516925,0.740837425958,0.189114622349
536,10002886,0.03930840222,0.595489470685,0.365202127095
537,10002899,0.130212760999,0.621457373397,0.248329865604
538,10002901,0.0474447078264,0.600270227826,0.352285064348
539,10002908,0.478760768899,0.289024254497,0.232214976604
540,10002935,0.12868322094,0.52686764004,0.34444913902
541,10002948,0.0924979929117,0.437951951185,0.469550055903
542,10002949,0.0392524330983,0.535830751026,0.424916815876
543,10002952,0.0900563237069,0.513472733326,0.396470942968
544,10002953,0.0438097465624,0.60586684612,0.350323407318
545,10002959,0.0910513288174,0.537673350496,0.371275320686
546,10002964,0.115456428052,0.510160530011,0.374383041937
547,10002971,0.195615012044,0.593329736518,0.211055251439
548,10002978,0.121025287971,0.533875451391,0.345099260638
549,10002982,0.124901399345,0.565856467991,0.309242132664
550,10002993,0.0476404872748,0.571627651983,0.380731860742
551,10002996,0.174103924831,0.624283913308,0.201612161861
552,10003012,0.747386918436,0.144486358565,0.108126722999
553,10003015,0.0748355208379,0.585253179788,0.339911299374
554,10003019,0.213116231784,0.488816949774,0.298066818442
555,10003027,0.192101542617,0.594511205969,0.213387251414
556,10003030,0.0829807979618,0.575312197416,0.341707004622
557,10003031,0.781415577392,0.138619634453,0.0799647881546
558,10003034,0.0699316355627,0.587258448996,0.342809915441
559,10003048,0.176647983878,0.609536761219,0.213815254903
560,10003055,0.153339135461,0.66064767279,0.186013191749
561,10003056,0.0538910454946,0.627797335384,0.318311619122
562,10003063,0.107749581484,0.576973535437,0.315276883078
563,10003072,0.0839110780804,0.671629823159,0.24445909876
564,10003073,0.0605963589974,0.640876023815,0.298527617188
565,10003099,0.0798586455889,0.700823981466,0.219317372945
566,10003104,0.206343095724,0.572777798473,0.220879105803
567,10003105,0.0983127491253,0.667263066047,0.234424184827
568,10003114,0.0874830502998,0.665069189186,0.247447760514
569,10003116,0.0454949713856,0.62119832221,0.333306706404
570,10003117,0.0600962789814,0.662725982578,0.27717773844
571,10003119,0.0871760416278,0.71285433208,0.199969626292
572,10003124,0.188010167363,0.590740731982,0.221249100655
573,10003127,0.0953280729679,0.634764771616,0.269907155416
574,10003136,0.118058518478,0.717128729305,0.164812752216
575,10003147,0.144638757993,0.508277796436,0.347083445572
576,10003149,0.11666993377,0.698934738361,0.18439532787
577,10003156,0.0670304740001,0.734902589468,0.198066936531
578,10003167,0.092512216054,0.555785951948,0.351701831998
579,10003169,0.0733631513679,0.721355062533,0.2052817861
580,10003172,0.0654892534502,0.720492911517,0.214017835033
581,10003174,0.208035316416,0.565080017643,0.226884665941
582,10003176,0.0947992009661,0.542579054869,0.362621744165
583,10003179,0.0642332589747,0.703988983935,0.231777757091
584,10003187,0.0861541476312,0.509627711081,0.404218141288
585,10003188,0.0545206204189,0.523610483937,0.421868895644
586,10003198,0.226213698736,0.580375338732,0.193410962532
587,10003210,0.769114587225,0.181329176615,0.0495562361601
588,10003218,0.682532114916,0.19742946297,0.120038422114
589,10003228,0.10488056761,0.525023881542,0.370095550848
590,10003233,0.0594245336404,0.632130362079,0.308445104281
591,10003234,0.0954015177458,0.558043720269,0.346554761985
592,10003235,0.0831418868513,0.66624761785,0.250610495299
593,10003238,0.0537359872907,0.562514704943,0.383749307767
594,10003250,0.0601944635527,0.608891145631,0.330914390817
595,10003253,0.801240374583,0.12083628141,0.0779233440073
596,10003256,0.692263439893,0.223721439086,0.0840151210213
597,10003259,0.149854771935,0.607046933225,0.24309829484
598,10003263,0.651377431689,0.13330579055,0.21531677776
599,10003264,0.0762767760111,0.54949375717,0.374229466819
600,10003265,0.0605571542089,0.655740020904,0.283702824888
601,10003268,0.105570583572,0.529572730373,0.364856686056
602,10003282,0.0265068060606,0.478109092294,0.495384101646
603,10003283,0.0375385908062,0.584237260127,0.378224149067
604,10003287,0.0567293264569,0.543566797938,0.399703875605
605,10003295,0.242508420419,0.542938985676,0.214552593905
606,10003298,0.0727751439888,0.597114729787,0.330110126224
607,10003306,0.0727244723228,0.568630750799,0.358644776878
608,10003315,0.684840590406,0.221826300236,0.0933331093579
609,10003317,0.0725833137194,0.528692507803,0.398724178478
610,10003331,0.102761659307,0.535858135579,0.361380205114
611,10003343,0.154899077167,0.627382223736,0.217718699097
612,10003344,0.148637908167,0.618067819402,0.233294272431
613,10003348,0.772063538793,0.164176323427,0.0637601377797
614,10003350,0.100782726844,0.532972734309,0.366244538847
615,10003354,0.0914094530632,0.56025824095,0.348332305987
616,10003370,0.0647317117696,0.701886060955,0.233382227275
617,10003371,0.816932896755,0.127629818065,0.0554372851802
618,10003378,0.125124905021,0.653649643209,0.22122545177
619,10003380,0.212145270575,0.581244074407,0.206610655018
620,10003381,0.1498625221,0.653177559668,0.196959918232
621,10003383,0.0351831827163,0.527983749266,0.436833068018
622,10003384,0.0731095065026,0.556326678567,0.370563814931
623,10003386,0.100328514506,0.576658470113,0.323013015381
624,10003389,0.716900521981,0.211264265455,0.071835212564
625,10003395,0.10464757066,0.682894759063,0.212457670277
626,10003398,0.0719815209424,0.523578127775,0.404440351282
627,10003403,0.78880487451,0.121700635136,0.0894944903536
628,10003405,0.19059322104,0.596084220492,0.213322558468
629,10003426,0.148758158275,0.604412926093,0.246828915632
630,10003429,0.716110009401,0.186126485063,0.0977635055365
631,10003432,0.0497754896168,0.588806751957,0.361417758426
632,10003447,0.0405923463381,0.519774286624,0.439633367038
633,10003448,0.845979705764,0.11388216544,0.0401381287961
634,10003452,0.774804848463,0.168350073703,0.0568450778334
635,10003457,0.21557274994,0.560560685662,0.223866564398
636,10003480,0.136438075215,0.527729634637,0.335832290148
637,10003484,0.186998617683,0.564994266053,0.248007116263
638,10003493,0.0317770939335,0.472073516357,0.49614938971
639,10003495,0.139711779484,0.621916329147,0.238371891369
640,10003499,0.816835414099,0.139584587467,0.0435799984342
641,10003504,0.0401923495082,0.57917831243,0.380629338062
642,10003510,0.0631674713257,0.542593547663,0.394238981011
643,10003512,0.0417364960143,0.539146687352,0.419116816634
644,10003515,0.0869557177784,0.641956024561,0.27108825766
645,10003516,0.0960749830102,0.528081972681,0.375843044309
646,10003520,0.0430309332858,0.595850093225,0.361118973489
647,10003525,0.187144713224,0.602103434259,0.210751852518
648,10003530,0.122135979164,0.650685539451,0.227178481385
649,10003536,0.247007815397,0.554755346107,0.198236838496
650,10003538,0.588806148121,0.233101251094,0.178092600785
651,10003556,0.111213153528,0.715785374516,0.173001471955
652,10003558,0.0361293629668,0.577283729089,0.386586907944
653,10003566,0.0499108154218,0.597076175747,0.353013008831
654,10003567,0.0927096563529,0.522796736763,0.384493606884
655,10003568,0.0358335601083,0.545960519263,0.418205920629
656,10003573,0.0413452063806,0.568836444998,0.389818348622
657,10003581,0.140450907536,0.623791738585,0.235757353879
658,10003585,0.0847562683613,0.657419852678,0.257823878961
659,10003587,0.0951535530773,0.609906603988,0.294939842935
660,10003590,0.674161804568,0.217084156896,0.108754038536
661,10003594,0.85673271619,0.092452037674,0.0508152461356
662,10003596,0.197697883934,0.572346250651,0.229955865414
663,10003598,0.738354372621,0.196709330069,0.0649362973104
664,10003617,0.189787989816,0.591304764999,0.218907245186
665,10003631,0.0262398686954,0.545972951911,0.427787179393
666,10003633,0.0262658805454,0.539451674841,0.434282444613
667,10003636,0.0670699698587,0.561121613867,0.371808416274
668,10003644,0.170621005152,0.588790803764,0.240588191084
669,10003647,0.167877832705,0.595364952057,0.236757215239
670,10003651,0.0613804986836,0.601404152374,0.337215348942
671,10003654,0.0825029521603,0.732194268267,0.185302779573
672,10003662,0.0530285014434,0.625249421887,0.321722076669
673,10003663,0.0264203818932,0.516777330211,0.456802287896
674,10003681,0.071938070502,0.67935673086,0.248705198638
675,10003686,0.0888509537222,0.730223839945,0.180925206332
676,10003688,0.150897625892,0.591159904595,0.257942469512
677,10003696,0.145190203133,0.615024070999,0.239785725868
678,10003698,0.111698563989,0.505140953737,0.383160482275
679,10003705,0.186597890726,0.556441694845,0.256960414429
680,10003711,0.037741272051,0.544772154079,0.41748657387
681,10003736,0.0971090305916,0.562755444823,0.340135524586
682,10003743,0.0781131951075,0.682829749074,0.239057055819
683,10003747,0.491003582733,0.269822332362,0.239174084905
684,10003750,0.053307309821,0.539550353518,0.407142336662
685,10003755,0.058309039736,0.551159489287,0.390531470977
686,10003759,0.215796268456,0.588797807651,0.195405923893
687,10003761,0.132000182945,0.637439225142,0.230560591914
